deviceid,signalsid,signalname,alarmlevel,signalnumber,nmalarmid
100100000000001,001301,线电压Uab,4,000,
100100000000001,001001,AB线电压过高告警,4,000,601-001-1-001001
100100000000001,001002,AB线电压过低告警,3,000,601-001-1-001002
100100000000001,001003,BC线电压过高告警,4,000,601-001-1-001003
100100000000001,001004,BC线电压过低告警,3,000,601-001-1-001004
100100000000001,001005,CA线电压过高告警,4,000,601-001-1-001005
100100000000001,001006,CA线电压过低告警,3,000,601-001-1-001006
100100000000001,001007,A相电流过大告警,3,000,601-001-1-001007
100100000000001,001008,B相电流过大告警,3,000,601-001-1-001008
100100000000001,001009,C相电流过大告警,3,000,601-001-1-001009
100100000000001,001010,零序电流过大告警,3,000,601-001-1-001010
100100000000001,001011,三相功率因数过低告警,4,000,601-001-1-001011
100100000000001,001012,频率过高告警,4,000,601-001-1-001012
100100000000001,001013,频率过低告警,4,000,601-001-1-001013
100100000000001,001014,失压跳闸信号告警,2,000,601-001-1-001014
100100000000001,001015,绝缘下降告警,3,000,601-001-1-001015
100100000000001,001016,保护电流I段跳闸保护动作告警,2,000,601-001-1-001016
100100000000001,001017,保护电流II段跳闸保护动作告警,2,000,601-001-1-001017
100100000000001,001030,合母电压高告警,3,000,601-001-1-001030
100100000000001,001031,合母电压低告警,3,000,601-001-1-001031
100100000000001,001032,控母电压高告警,3,000,601-001-1-001032
100100000000001,001033,控母电压低告警,3,000,601-001-1-001033
100100000000001,001034,电池故障告警,2,000,601-001-1-001034
100100000000001,001035,电池温度过高告警,3,000,601-001-1-001035
100100000000001,001036,直流过流告警,2,000,601-001-1-001036
100100000000001,001037,交流停电告警,2,000,601-001-1-001037
100100000000001,001038,整流模块故障告警,3,000,601-001-1-001038
100100000000001,001039,单体XX电压过高告警,2,000,601-001-1-001039
100100000000001,001040,单体XX电压过低告警,2,000,601-001-1-001040
100100000000002,002101,低压开关合闸,4,000,
100100000000002,002102,低压开关分闸,2,000,
100100000000002,002103,ATS合闸到I位,2,000,
100100000000002,002104,ATS合闸到II位,4,000,
100100000000002,002105,ATS合闸到O位,4,000,
100100000000002,002301,线电压Uab,2,000,
100100000000002,002302,相电流Ia,2,000,
100100000000002,002303,相电压Ua,2,000,
100100000000002,002304,A相功率因数,2,000,
100100000000002,002305,视在功率Sa,2,000,
100100000000002,002306,无功功率Qa,1,000,
100100000000002,002307,有功功率Pa,1,000,
100100000000002,002308,线电压Ubc,1,000,
100100000000002,002309,相电流Ib,2,000,
100100000000002,002310,相电压Ub,1,000,
100100000000002,002311,B相功率因数,2,000,
100100000000002,002312,视在功率Sb,2,000,
100100000000002,002313,无功功率Qb,2,000,
100100000000002,002314,有功功率Pb,2,000,
100100000000002,002315,线电压Uca,3,000,
100100000000002,002316,相电流Ic,2,000,
100100000000002,002317,相电压Uc,3,000,
100100000000002,002318,C相功率因数,2,000,
100100000000002,002319,视在功率Sc,2,000,
100100000000002,002320,无功功率Qc,2,000,
100100000000002,002321,有功功率Pc,4,000,
100100000000002,002322,零线电流,1,000,
100100000000002,002323,投切步数,3,000,
100100000000002,002324,总功率因数,2,000,
100100000000002,002325,内部温度,3,000,
100100000000002,002326,基波电流,2,000,
100100000000002,002327,控制器温度,3,000,
100100000000002,002328,电压畸变率,3,000,
100100000000002,002329,总电流畸变率,2,000,
100100000000002,002330,正向有功电能,3,000,
100100000000002,002331,正向无功电能,3,000,
100100000000002,002332,反向有功电能,3,000,
100100000000002,002333,反向无功电能,2,000,
100100000000002,002334,IGBT温度,2,000,
100100000000002,002401,继电器XX输出状态,4,000,
100100000000002,002402,继电器XX输入状态,4,000,
100100000000002,002403,分合闸状态,4,000,
100100000000002,002001,A相电压过高告警,3,000,601-002-1-002001
100100000000002,002002,A相电压过低告警,3,000,601-002-1-002002
100100000000002,002003,B相电压过高告警,3,000,601-002-1-002003
100100000000002,002004,B相电压过低告警,3,000,601-002-1-002004
100100000000002,002005,C相电压过高告警,3,000,601-002-1-002005
100100000000002,002006,C相电压过低告警,3,000,601-002-1-002006
100100000000002,002007,A相电流过大告警,4,000,601-002-1-002007
100100000000002,002008,B相电流过大告警,4,000,601-002-1-002008
100100000000002,002009,C相电流过大告警,4,000,601-002-1-002009
100100000000002,002010,输入断电告警,2,000,601-002-1-002010
100100000000002,002011,零序电流过大告警,2,000,601-002-1-002011
100100000000002,002012,防雷器空开断开告警,3,000,601-002-1-002012
100100000000002,002013,防雷器故障告警,3,000,601-002-1-002013
100100000000002,002014,交流缺相告警,3,000,601-002-1-002014
100100000000002,002015,输出分路XX中断告警,2,000,601-002-1-002015
100100000000002,002020,功率因数过低告警,4,000,601-002-1-002020
100100000000002,002021,内部温度过高告警,2,000,601-002-1-002021
100100000000002,002022,风扇故障告警,3,000,601-002-1-002022
100100000000002,002023,电容补偿设备故障告警,3,000,601-002-1-002023
100100000000002,002030,电压畸变过大告警,4,000,601-002-1-002030
100100000000002,002031,电流畸变过大告警,4,000,601-002-1-002031
100100000000002,002032,IGBT温度过高告警,2,000,601-002-1-002032
100100000000002,002033,控制器温度过高告警,2,000,601-002-1-002033
100100000000002,002034,系统停止告警,4,000,601-002-1-002034
100100000000002,002035,谐波抑制设备故障告警,4,000,601-002-1-002035
100100000000003,003101,风机关控制,2,000,
100100000000003,003102,风机开控制,2,000,
100100000000003,003301,A相温度,2,000,
100100000000003,003302,B相温度,4,000,
100100000000003,003303,C相温度,3,000,
100100000000003,003201,超温告警值设定,4,000,
100100000000003,003202,超温跳闸值设定,3,000,
100100000000003,003401,风机状态,4,000,
100100000000003,003001,超温告警,2,000,601-003-1-003001
100100000000003,003002,系统告警,2,000,601-003-1-003002
100100000000003,003003,A相温度过高告警,2,000,601-003-1-003003
100100000000003,003004,B相温度过高告警,2,000,601-003-1-003004
100100000000003,003005,C相温度过高告警,2,000,601-003-1-003005
100100000000004,004301,直流电压,3,000,
100100000000004,004302,直流电流,3,000,
100100000000004,004303,分路XX输出电流,3,000,
100100000000004,004304,直流功率,3,000,
100100000000004,004001,欠压告警,1,000,601-004-1-004001
100100000000004,004002,熔丝告警,1,000,601-004-1-004002
100100000000004,004003,分路XX中断告警,1,000,601-004-1-004003
100100000000004,004004,过压告警,2,000,601-004-1-004004
100100000000005,005101,高压断路器合闸,3,000,
100100000000005,005102,高压断路器分闸,4,000,
100100000000005,005103,左燃机起动,4,000,
100100000000005,005104,左燃机屏蔽,4,000,
100100000000005,005105,手动/自动起动,2,000,
100100000000005,005106,燃机XX冷转/启动,3,000,
100100000000005,005107,左燃机正常停机,2,000,
100100000000005,005108,紧急停机,2,000,
100100000000005,005109,主用判断,3,000,
100100000000005,005110,控制复位,3,000,
100100000000005,005111,燃料电池启动/停止,3,000,
100100000000005,005201,燃机XX起动延时,3,000,
100100000000005,005202,油机停机延时,2,000,
100100000000005,005203,加载延时,3,000,
100100000000005,005301,转速,2,000,
100100000000005,005302,油压,2,000,
100100000000005,005303,油温,3,000,
100100000000005,005304,水温,2,000,
100100000000005,005305,燃油余量,2,000,
100100000000005,005306,启动电池电压,3,000,
100100000000005,005307,输出线电压Uab,3,000,
100100000000005,005308,输出线电压Ubc,3,000,
100100000000005,005309,输出线电压Uca,3,000,
100100000000005,005310,输出相电压Ua,3,000,
100100000000005,005311,输出相电压Ub,3,000,
100100000000005,005312,输出相电压Uc,4,000,
100100000000005,005313,输出相电流Ia,4,000,
100100000000005,005314,输出相电流Ib,4,000,
100100000000005,005315,输出相电流Ic,2,000,
100100000000005,005316,有功功率Pa,2,000,
100100000000005,005317,有功功率Pb,3,000,
100100000000005,005318,有功功率Pc,3,000,
100100000000005,005319,无功功率Qa,3,000,
100100000000005,005320,无功功率Qb,2,000,
100100000000005,005321,无功功率Qc,4,000,
100100000000005,005322,功率因数,2,000,
100100000000005,005323,频率,3,000,
100100000000005,005324,运行总时长,3,000,
100100000000005,005325,燃机XX转速,4,000,
100100000000005,005326,左燃机T4温度,4,000,
100100000000005,005327,燃机XX喷嘴前压力,2,000,
100100000000005,005328,燃机XX润滑油压力,2,000,
100100000000005,005329,燃机XX润滑油进油温度,4,000,
100100000000005,005330,燃机XX润滑油回油温度,4,000,
100100000000005,005331,燃机XX水平振动,2,000,
100100000000005,005332,燃机XX垂直振动,2,000,
100100000000005,005333,燃机XX扭矩,2,000,
100100000000005,005334,燃机XX供油量,2,000,
100100000000005,005335,燃机XX供油输出,2,000,
100100000000005,005336,离合器滑油箱温度,1,000,
100100000000005,005337,驱动端XX温度,1,000,
100100000000005,005338,非驱动端XX温度,1,000,
100100000000005,005339,绕组温度,2,000,
100100000000005,005340,蓄电池XX电压,1,000,
100100000000005,005341,燃机舱温度,2,000,
100100000000005,005342,进气温度,2,000,
100100000000005,005343,离合器滑油压力,2,000,
100100000000005,005344,离合器滑油回油温度,2,000,
100100000000005,005345,氢气压力,3,000,
100100000000005,005346,燃料电池温度,2,000,
100100000000005,005347,燃料箱液位,3,000,
100100000000005,005348,燃料室内氢气浓度,2,000,
100100000000005,005349,负载率,2,000,
100100000000005,005350,直流输出电压,2,000,
100100000000005,005351,直流输出电流,4,000,
100100000000005,005352,总有功功率P,1,000,
100100000000005,005401,油机工作状态,4,000,
100100000000005,005001,超速停机告警,1,000,601-005-1-005001
100100000000005,005002,输出低电压停机告警,2,000,601-005-1-005002
100100000000005,005003,高水温停机告警,2,000,601-005-1-005003
100100000000005,005004,过载停机告警,2,000,601-005-1-005004
100100000000005,005005,紧急停机告警,2,000,601-005-1-005005
100100000000005,005010,低油温告警,3,000,601-005-1-005010
100100000000005,005011,低油压告警,2,000,601-005-1-005011
100100000000005,005012,水温低告警,3,000,601-005-1-005012
100100000000005,005013,低水位告警,2,000,601-005-1-005013
100100000000005,005014,启动失败故障告警,2,000,601-005-1-005014
100100000000005,005015,控制系统告警,2,000,601-005-1-005015
100100000000005,005020,进排风风门告警,4,000,601-005-1-005020
100100000000005,005021,启动电池电压低告警,1,000,601-005-1-005021
100100000000005,005022,充电器故障告警,3,000,601-005-1-005022
100100000000005,005023,启动电池电压高告警,2,000,601-005-1-005023
100100000000005,005024,油机不在自动位置告警,3,000,601-005-1-005024
100100000000005,005025,燃油油位低告警,2,000,601-005-1-005025
100100000000005,005030,输出电压高告警,3,000,601-005-1-005030
100100000000005,005031,输出电压低告警,3,000,601-005-1-005031
100100000000005,005032,输出过载告警,2,000,601-005-1-005032
100100000000005,005033,输出频率高告警,3,000,601-005-1-005033
100100000000005,005034,输出频率低告警,3,000,601-005-1-005034
100100000000005,005035,油机运行状态告警,3,000,601-005-1-005035
100100000000005,005040,A相输出电压过高告警,2,000,601-005-1-005040
100100000000005,005041,B相输出电压过高告警,2,000,601-005-1-005041
100100000000005,005042,C相输出电压过高告警,2,000,601-005-1-005042
100100000000005,005043,A相输出电压过低告警,2,000,601-005-1-005043
100100000000005,005044,B相输出电压过低告警,2,000,601-005-1-005044
100100000000005,005045,C相输出电压过低告警,2,000,601-005-1-005045
100100000000005,005047,高油温告警,2,000,601-005-1-005047
100100000000005,005048,高压断路器分闸告警,2,000,601-005-1-005048
100100000000005,005061,系统工作状态告警,3,000,601-005-1-005061
100100000000005,005062,系统超温告警,2,000,601-005-1-005062
100100000000005,005063,系统主瓶氢压低告警,3,000,601-005-1-005063
100100000000005,005064,系统副瓶氢压低告警,3,000,601-005-1-005064
100100000000005,005065,第XX路氢气状态告警,3,000,601-005-1-005065
100100000000005,005066,室内氢气浓度告警,2,000,601-005-1-005066
100100000000005,005067,安全模式告警,2,000,601-005-1-005067
100100000000006,006101,模块XX开机,2,000,
100100000000006,006102,模块XX关机,3,000,
100100000000006,006103,遥控均浮充,2,000,
100100000000006,006104,电池组放电测试启动,3,000,
100100000000006,006105,电池组放电测试结束,3,000,
100100000000006,006106,电池温度补偿启停,2,000,
100100000000006,006107,能耗管理启动停止,3,000,
100100000000006,006201,均充电压设定值,3,000,
100100000000006,006202,浮充电压设定值,3,000,
100100000000006,006203,电池组测试结束电压,2,000,
100100000000006,006204,电池组测试结束时间,2,000,
100100000000006,006205,温度补偿系数,2,000,
100100000000006,006206,模块负载率,2,000,
100100000000006,006207,充电限流设定,2,000,
100100000000006,006301,输入相电压Ua,2,000,
100100000000006,006302,输入相电压Ub,2,000,
100100000000006,006303,输入相电压Uc,2,000,
100100000000006,006304,输入相电流Ia,4,000,
100100000000006,006305,输入相电流Ib,3,000,
100100000000006,006306,输入相电流Ic,4,000,
100100000000006,006307,频率,3,000,
100100000000006,006308,直流输出电压,4,000,
100100000000006,006309,负载总电流,3,000,
100100000000006,006310,模块XX电流,3,000,
100100000000006,006311,模块XX温度,3,000,
100100000000006,006312,电池组XX电流,3,000,
100100000000006,006313,输入XX线电压Uab,3,000,
100100000000006,006314,输入XX线电压Ubc,4,000,
100100000000006,006315,输入XX线电压Uca,4,000,
100100000000006,006316,分路XX电流,4,000,
100100000000006,006317,系统额定容量,2,000,
100100000000006,006318,配置模块数量,3,000,
100100000000006,006319,整流模块XX额定容量,2,000,
100100000000006,006320,蓄电池组数,2,000,
100100000000006,006321,电池组XX额定容量,3,000,
100100000000006,006322,电池组额定总容量,3,000,
100100000000006,006323,电池组实际总容量,3,000,
100100000000006,006324,电池组剩余容量百分比,3,000,
100100000000006,006401,模块XX开关状态,4,000,
100100000000006,006402,电源工作状态,4,000,
100100000000006,006001,电池熔丝故障告警,1,000,601-006-1-006001
100100000000006,006002,电池充电过流告警,3,000,601-006-1-006002
100100000000006,006003,电池组温度过高告警,3,000,601-006-1-006003
100100000000006,006004,电池放电不平衡告警,4,000,601-006-1-006004
100100000000006,006005,电池总容量过低告警,3,000,601-006-1-006005
100100000000006,006006,电池剩余容量过低告警,3,000,601-006-1-006006
100100000000006,006010,负载电流过高告警,4,000,601-006-1-006010
100100000000006,006011,负载熔丝故障告警,1,000,601-006-1-006011
100100000000006,006012,输出电压过低告警,1,000,601-006-1-006012
100100000000006,006013,输出电压过高告警,2,000,601-006-1-006013
100100000000006,006014,直流屏通讯中断告警,2,000,601-006-1-006014
100100000000006,006015,监控模块故障告警,2,000,601-006-1-006015
100100000000006,006016,浮充电压低告警,3,000,601-006-1-006016
100100000000006,006017,浮充电压高告警,3,000,601-006-1-006017
100100000000006,006018,一级低压脱离告警,1,000,601-006-1-006018
100100000000006,006019,二级低压脱离告警,1,000,601-006-1-006019
100100000000006,006023,第XX路直流输出分路断开告警,1,000,601-006-1-006023
100100000000006,006020,输出中断告警,1,000,601-006-1-006020
100100000000006,006021,输出电压低告警,2,000,601-006-1-006021
100100000000006,006022,输出电压高告警,2,000,601-006-1-006022
100100000000006,006030,交流缺相告警,2,000,601-006-1-006030
100100000000006,006031,交流输入故障告警,2,000,601-006-1-006031
100100000000006,006032,交流输入频率告警,3,000,601-006-1-006032
100100000000006,006033,市电切换失败故障告警,2,000,601-006-1-006033
100100000000006,006034,防雷器空开断开告警,3,000,601-006-1-006034
100100000000006,006035,防雷器故障告警,3,000,601-006-1-006035
100100000000006,006036,交流屏通讯中断告警,3,000,601-006-1-006036
100100000000006,006037,交流输入XX电压过高告警,3,000,601-006-1-006037
100100000000006,006038,交流输入XX电压过低告警,3,000,601-006-1-006038
100100000000006,006040,整流模块故障告警,3,000,601-006-1-006040
100100000000006,006041,整流模块XX风扇告警,3,000,601-006-1-006041
100100000000006,006042,整流模块过压关机告警,2,000,601-006-1-006042
100100000000006,006043,整流模块过温告警,3,000,601-006-1-006043
100100000000006,006044,整流模块通讯告警,3,000,601-006-1-006044
100100000000006,006045,整流模块XX关机告警,2,000,601-006-1-006045
100100000000106,006309,负载总电流,3,000,
100100000000206,006309,负载总电流,3,000,
100100000000007,007301,标示单体XX温度,2,000,
100100000000007,007302,电池组总电压,2,000,
100100000000007,007303,单体XX电压,3,000,
100100000000007,007304,单体XX温度,2,000,
100100000000007,007305,单体XX内阻,2,000,
100100000000007,007306,单体XX容量,3,000,
100100000000007,007307,充电电流,3,000,
100100000000007,007308,放电电流,3,000,
100100000000007,007401,工作状态,4,000,
100100000000007,007001,电池组总电压过高告警,2,000,601-007-1-007001
100100000000007,007002,电池组总电压过低告警,1,000,601-007-1-007002
100100000000007,007003,电池组标示XX温度过高告警,3,000,601-007-1-007003
100100000000007,007004,单体XX电压过高告警,2,000,601-007-1-007004
100100000000007,007005,单体XX电压过低告警,2,000,601-007-1-007005
100100000000007,007006,电池组中间点电压不平衡,3,000,601-007-1-007006
100100000000007,007007,单体XX温度过高告警,3,000,601-007-1-007007
100100000000007,007008,单体XX内阻过大告警,3,000,601-007-1-007008
100100000000007,007009,单体XX容量过小告警,2,000,601-007-1-007009
100100000000007,007080,放电告警,3,000,601-007-1-007080
100100000000107,007301,标识单体01温度,2,001,601-007-00-007301
100100000000107,007301,标识单体02温度,2,002,601-007-00-007301
100100000000107,007301,标识单体03温度,2,003,601-007-00-007301
100100000000107,007301,标识单体04温度,2,004,601-007-00-007301
100100000000107,007302,电池组总电压,1,000,601-007-00-007302
100100000000107,007303,单体01电压,3,001,601-007-00-007303
100100000000107,007304,单体01温度,2,001,601-007-00-007304
100100000000107,007305,单体01内阻,2,001,601-007-00-007305
100100000000107,007306,单体01容量,3,001,601-007-00-007306
100100000000107,007303,单体02电压,3,002,601-007-00-007303
100100000000107,007304,单体02温度,2,002,601-007-00-007304
100100000000107,007305,单体02内阻,2,002,601-007-00-007305
100100000000107,007306,单体02容量,3,002,601-007-00-007306
100100000000107,007303,单体03电压,3,003,601-007-00-007303
100100000000107,007304,单体03温度,2,003,601-007-00-007304
100100000000107,007305,单体03内阻,2,003,601-007-00-007305
100100000000107,007306,单体03容量,3,003,601-007-00-007306
100100000000107,007303,单体04电压,3,004,601-007-00-007303
100100000000107,007304,单体04温度,2,004,601-007-00-007304
100100000000107,007305,单体04内阻,2,004,601-007-00-007305
100100000000107,007306,单体04容量,3,004,601-007-00-007306
100100000000107,007307,充电电流,3,000,601-007-00-007307
100100000000107,007308,放电电流,3,000,601-007-00-007308
100100000000207,007301,标识单体01温度,2,001,601-007-00-007301
100100000000207,007301,标识单体02温度,2,002,601-007-00-007301
100100000000207,007301,标识单体03温度,2,003,601-007-00-007301
100100000000207,007301,标识单体04温度,2,004,601-007-00-007301
100100000000207,007302,电池组总电压,1,000,601-007-00-007302
100100000000207,007303,单体01电压,3,001,601-007-00-007303
100100000000207,007304,单体01温度,2,001,601-007-00-007304
100100000000207,007305,单体01内阻,2,001,601-007-00-007305
100100000000207,007306,单体01容量,3,001,601-007-00-007306
100100000000207,007303,单体02电压,3,002,601-007-00-007303
100100000000207,007304,单体02温度,2,002,601-007-00-007304
100100000000207,007305,单体02内阻,2,002,601-007-00-007305
100100000000207,007306,单体02容量,3,002,601-007-00-007306
100100000000207,007303,单体03电压,3,003,601-007-00-007303
100100000000207,007304,单体03温度,2,003,601-007-00-007304
100100000000207,007305,单体03内阻,2,003,601-007-00-007305
100100000000207,007306,单体03容量,3,003,601-007-00-007306
100100000000207,007303,单体04电压,3,004,601-007-00-007303
100100000000207,007304,单体04温度,2,004,601-007-00-007304
100100000000207,007305,单体04内阻,2,004,601-007-00-007305
100100000000207,007306,单体04容量,3,004,601-007-00-007306
100100000000207,007307,充电电流,3,000,601-007-00-007307
100100000000207,007308,放电电流,3,000,601-007-00-007308
100100000000307,007301,标识单体01温度,2,001,601-007-00-007301
100100000000307,007301,标识单体02温度,2,002,601-007-00-007301
100100000000307,007301,标识单体03温度,2,003,601-007-00-007301
100100000000307,007301,标识单体04温度,2,004,601-007-00-007301
100100000000307,007302,电池组总电压,1,000,601-007-00-007302
100100000000307,007303,单体01电压,3,001,601-007-00-007303
100100000000307,007304,单体01温度,2,001,601-007-00-007304
100100000000307,007305,单体01内阻,2,001,601-007-00-007305
100100000000307,007306,单体01容量,3,001,601-007-00-007306
100100000000307,007303,单体02电压,3,002,601-007-00-007303
100100000000307,007304,单体02温度,2,002,601-007-00-007304
100100000000307,007305,单体02内阻,2,002,601-007-00-007305
100100000000307,007306,单体02容量,3,002,601-007-00-007306
100100000000307,007303,单体03电压,3,003,601-007-00-007303
100100000000307,007304,单体03温度,2,003,601-007-00-007304
100100000000307,007305,单体03内阻,2,003,601-007-00-007305
100100000000307,007306,单体03容量,3,003,601-007-00-007306
100100000000307,007303,单体04电压,3,004,601-007-00-007303
100100000000307,007304,单体04温度,2,004,601-007-00-007304
100100000000307,007305,单体04内阻,2,004,601-007-00-007305
100100000000307,007306,单体04容量,3,004,601-007-00-007306
100100000000307,007307,充电电流,3,000,601-007-00-007307
100100000000307,007308,放电电流,3,000,601-007-00-007308
100100000000407,007301,标识单体01温度,2,001,601-007-00-007301
100100000000407,007301,标识单体02温度,2,002,601-007-00-007301
100100000000407,007301,标识单体03温度,2,003,601-007-00-007301
100100000000407,007301,标识单体04温度,2,004,601-007-00-007301
100100000000407,007302,电池组总电压,1,000,601-007-00-007302
100100000000407,007303,单体01电压,3,001,601-007-00-007303
100100000000407,007304,单体01温度,2,001,601-007-00-007304
100100000000407,007305,单体01内阻,2,001,601-007-00-007305
100100000000407,007306,单体01容量,3,001,601-007-00-007306
100100000000407,007303,单体02电压,3,002,601-007-00-007303
100100000000407,007304,单体02温度,2,002,601-007-00-007304
100100000000407,007305,单体02内阻,2,002,601-007-00-007305
100100000000407,007306,单体02容量,3,002,601-007-00-007306
100100000000407,007303,单体03电压,3,003,601-007-00-007303
100100000000407,007304,单体03温度,2,003,601-007-00-007304
100100000000407,007305,单体03内阻,2,003,601-007-00-007305
100100000000407,007306,单体03容量,3,003,601-007-00-007306
100100000000407,007303,单体04电压,3,004,601-007-00-007303
100100000000407,007304,单体04温度,2,004,601-007-00-007304
100100000000407,007305,单体04内阻,2,004,601-007-00-007305
100100000000407,007306,单体04容量,3,004,601-007-00-007306
100100000000407,007307,充电电流,3,000,601-007-00-007307
100100000000407,007308,放电电流,3,000,601-007-00-007308
100100000000507,007301,标识单体01温度,2,001,601-007-00-007301
100100000000507,007301,标识单体02温度,2,002,601-007-00-007301
100100000000507,007301,标识单体03温度,2,003,601-007-00-007301
100100000000507,007301,标识单体04温度,2,004,601-007-00-007301
100100000000507,007302,电池组总电压,1,000,601-007-00-007302
100100000000507,007303,单体01电压,3,001,601-007-00-007303
100100000000507,007304,单体01温度,2,001,601-007-00-007304
100100000000507,007305,单体01内阻,2,001,601-007-00-007305
100100000000507,007306,单体01容量,3,001,601-007-00-007306
100100000000507,007303,单体02电压,3,002,601-007-00-007303
100100000000507,007304,单体02温度,2,002,601-007-00-007304
100100000000507,007305,单体02内阻,2,002,601-007-00-007305
100100000000507,007306,单体02容量,3,002,601-007-00-007306
100100000000507,007303,单体03电压,3,003,601-007-00-007303
100100000000507,007304,单体03温度,2,003,601-007-00-007304
100100000000507,007305,单体03内阻,2,003,601-007-00-007305
100100000000507,007306,单体03容量,3,003,601-007-00-007306
100100000000507,007303,单体04电压,3,004,601-007-00-007303
100100000000507,007304,单体04温度,2,004,601-007-00-007304
100100000000507,007305,单体04内阻,2,004,601-007-00-007305
100100000000507,007306,单体04容量,3,004,601-007-00-007306
100100000000507,007307,充电电流,3,000,601-007-00-007307
100100000000507,007308,放电电流,3,000,601-007-00-007308
100100000000008,008101,紧急停机,3,001,
100100000000008,008301,输入线电压Uab,3,002,
100100000000008,008302,输入线电压Ubc,4,003,
100100000000008,008303,输入线电压Uca,4,000,
100100000000008,008304,输入相电压Ua,4,000,
100100000000008,008305,输入相电压Ub,2,000,
100100000000008,008306,输入相电压Uc,2,000,
100100000000008,008307,输入相电流Ia,3,000,
100100000000008,008308,输入相电流Ib,3,000,
100100000000008,008309,输入相电流Ic,3,000,
100100000000008,008310,输入频率,2,000,
100100000000008,008311,输入功率因数,4,000,
100100000000008,008312,输出线电压Uab,2,000,
100100000000008,008313,输出线电压Ubc,3,000,
100100000000008,008314,输出线电压Uca,3,000,
100100000000008,008315,输出相电压Ua,4,000,
100100000000008,008316,输出相电压Ub,4,000,
100100000000008,008317,输出相电压Uc,2,000,
100100000000008,008318,输出相电流Ia,2,000,
100100000000008,008319,输出相电流Ib,4,000,
100100000000008,008320,输出相电流Ic,4,000,
100100000000008,008321,输出频率,2,000,
100100000000008,008322,输出功率因数,2,000,
100100000000008,008323,旁路线电压Uab,2,000,
100100000000008,008324,旁路线电压Ubc,2,000,
100100000000008,008325,旁路线电压Uca,2,000,
100100000000008,008326,旁路相电压Ua,1,000,
100100000000008,008327,旁路相电压Ub,1,000,
100100000000008,008328,旁路相电压Uc,1,000,
100100000000008,008329,旁路相电流Ia,2,000,
100100000000008,008330,旁路相电流Ib,1,000,
100100000000008,008331,旁路相电流Ic,2,000,
100100000000008,008332,旁路频率,2,000,
100100000000008,008333,电池组电流,2,000,
100100000000008,008334,电池组电压,2,000,
100100000000008,008335,输出视在功率Sa,3,000,
100100000000008,008336,输出视在功率Sb,2,000,
100100000000008,008337,输出视在功率Sc,3,000,
100100000000008,008338,输出有功功率Pa,2,000,
100100000000008,008339,输出有功功率Pb,2,000,
100100000000008,008340,输出有功功率Pc,2,000,
100100000000008,008341,输出总视在功率S,4,000,
100100000000008,008342,输出总有功功率P,1,000,
100100000000008,008343,输入总视在功率S,3,000,
100100000000008,008344,输入总有功功率P,2,000,
100100000000008,008345,零线环流,3,000,
100100000000008,008346,主机温度,2,000,
100100000000008,008347,逆变器温度,3,000,
100100000000008,008348,整流器温度,3,000,
100100000000008,008349,负载率A,2,000,
100100000000008,008350,负载率B,3,000,
100100000000008,008351,负载率C,3,000,
100100000000008,008352,模块XX电流,3,000,
100100000000008,008353,模块XX温度,2,000,
100100000000008,008354,模块XX负载率,2,000,
100100000000008,008355,模块XX输出功率,2,000,
100100000000008,008401,模块XX开关机状态,4,000,
100100000000008,008402,输出断路器关闭状态,4,000,
100100000000008,008403,电池断路器状态,4,000,
100100000000008,008404,静电开关状态,4,000,
100100000000008,008405,整流器输入断路器状态,4,000,
100100000000008,008406,正常工作状态,4,000,
100100000000008,008407,旁路方式工作状态,4,000,
100100000000008,008408,电池方式工作状态,4,000,
100100000000008,008001,输入中断告警,2,000,601-008-1-008001
100100000000008,008002,输入相电压Ux过高告警,3,000,601-008-1-008002
100100000000008,008003,输入相电压Ux过低告警,2,000,601-008-1-008003
100100000000008,008004,输入频率超限告警,3,000,601-008-1-008004
100100000000008,008005,输入线电压Uxx过高告警,3,000,601-008-1-008005
100100000000008,008006,输入线电压Uxx过低告警,2,000,601-008-1-008006
100100000000008,008010,输出相电压Ux过高告警,3,000,601-008-1-008010
100100000000008,008011,输出相电压Ux过低告警,1,000,601-008-1-008011
100100000000008,008012,输出中断告警,1,000,601-008-1-008012
100100000000008,008013,输出频率超限告警,3,000,601-008-1-008013
100100000000008,008014,输出电流过载告警,3,000,601-008-1-008014
100100000000008,008015,输出线电压Uxx过高告警,3,000,601-008-1-008015
100100000000008,008016,输出线电压Uxx过低告警,2,000,601-008-1-008016
100100000000008,008020,旁路故障告警,2,000,601-008-1-008020
100100000000008,008021,旁路不可用告警,2,000,601-008-1-008021
100100000000008,008023,旁路运行状态告警,1,000,601-008-1-008023
100100000000008,008024,旁路输出线电压Uxx过高告警,2,000,601-008-1-008024
100100000000008,008025,旁路输出线电压Uxx过低告警,2,000,601-008-1-008025
100100000000008,008026,旁路频率超限告警,2,000,601-008-1-008026
100100000000008,008030,整流器故障告警,2,000,601-008-1-008030
100100000000008,008031,逆变器交流电压过高告警,3,000,601-008-1-008031
100100000000008,008032,逆变器交流电压过低告警,1,000,601-008-1-008032
100100000000008,008033,逆变器频率超限告警,3,000,601-008-1-008033
100100000000008,008034,逆变器故障告警,2,000,601-008-1-008034
100100000000008,008040,风扇故障告警,3,000,601-008-1-008040
100100000000008,008041,电池电压低告警,2,000,601-008-1-008041
100100000000008,008042,温度过高告警,2,000,601-008-1-008042
100100000000008,008043,即将停机告警,1,000,601-008-1-008043
100100000000008,008044,温感器故障告警,3,000,601-008-1-008044
100100000000008,008045,并机系统故障告警,2,000,601-008-1-008045
100100000000008,008046,电池接触器故障告警,3,000,601-008-1-008046
100100000000008,008047,充电器故障告警,3,000,601-008-1-008047
100100000000008,008048,其他告警,4,000,601-008-1-008048
100100000000008,008049,电池工作状态告警,3,000,601-008-1-008049
100100000000008,008050,模块XX关机状态告警,2,000,601-008-1-008050
100100000000008,008051,输出断路器关闭告警,2,000,601-008-1-008051
100100000000008,008052,电池断路器断开告警,2,000,601-008-1-008052
100100000000008,008053,静态开关故障告警,2,000,601-008-1-008053
100100000000008,008054,整流器输入断路器断开告警,2,000,601-008-1-008054
100100000000108,008318,输出相电流Ia,2,000,
100100000000108,008319,输出相电流Ib,4,000,
100100000000108,008320,输出相电流Ic,4,000,
100100000000108,008001,输入中断告警,2,000,601-008-1-008001
100100000000108,008002,输入相电压Ux过高告警,3,000,601-008-1-008002
100100000000108,008003,输入相电压Ux过低告警,2,000,601-008-1-008003
100100000000108,008004,输入频率超限告警,3,000,601-008-1-008004
100100000000108,008005,输入线电压Uxx过高告警,3,000,601-008-1-008005
100100000000108,008006,输入线电压Uxx过低告警,2,000,601-008-1-008006
100100000000108,008010,输出相电压Ux过高告警,3,000,601-008-1-008010
100100000000108,008011,输出相电压Ux过低告警,1,000,601-008-1-008011
100100000000108,008012,输出中断告警,1,000,601-008-1-008012
100100000000108,008013,输出频率超限告警,3,000,601-008-1-008013
100100000000108,008014,输出电流过载告警,3,000,601-008-1-008014
100100000000108,008015,输出线电压Uxx过高告警,3,000,601-008-1-008015
100100000000108,008016,输出线电压Uxx过低告警,2,000,601-008-1-008016
100100000000108,008020,旁路故障告警,2,000,601-008-1-008020
100100000000108,008021,旁路不可用告警,2,000,601-008-1-008021
100100000000108,008023,旁路运行状态告警,1,000,601-008-1-008023
100100000000108,008024,旁路输出线电压Uxx过高告警,2,000,601-008-1-008024
100100000000108,008025,旁路输出线电压Uxx过低告警,2,000,601-008-1-008025
100100000000108,008026,旁路频率超限告警,2,000,601-008-1-008026
100100000000108,008030,整流器故障告警,2,000,601-008-1-008030
100100000000108,008031,逆变器交流电压过高告警,3,000,601-008-1-008031
100100000000108,008032,逆变器交流电压过低告警,1,000,601-008-1-008032
100100000000108,008033,逆变器频率超限告警,3,000,601-008-1-008033
100100000000108,008034,逆变器故障告警,2,000,601-008-1-008034
100100000000108,008040,风扇故障告警,3,000,601-008-1-008040
100100000000108,008041,电池电压低告警,2,000,601-008-1-008041
100100000000108,008042,温度过高告警,2,000,601-008-1-008042
100100000000108,008043,即将停机告警,1,000,601-008-1-008043
100100000000108,008044,温感器故障告警,3,000,601-008-1-008044
100100000000108,008045,并机系统故障告警,2,000,601-008-1-008045
100100000000108,008046,电池接触器故障告警,3,000,601-008-1-008046
100100000000108,008047,充电器故障告警,3,000,601-008-1-008047
100100000000108,008048,其他告警,4,000,601-008-1-008048
100100000000108,008049,电池工作状态告警,3,000,601-008-1-008049
100100000000108,008050,模块XX关机状态告警,2,000,601-008-1-008050
100100000000108,008051,输出断路器关闭告警,2,000,601-008-1-008051
100100000000108,008052,电池断路器断开告警,2,000,601-008-1-008052
100100000000108,008053,静态开关故障告警,2,000,601-008-1-008053
100100000000108,008054,整流器输入断路器断开告警,2,000,601-008-1-008054
100100000000208,008318,输出相电流Ia,2,000,
100100000000208,008319,输出相电流Ib,4,000,
100100000000208,008320,输出相电流Ic,4,000,
100100000000308,008318,输出相电流Ia,2,000,
100100000000308,008319,输出相电流Ib,4,000,
100100000000308,008320,输出相电流Ic,4,000,
100100000000408,008318,输出相电流Ia,2,000,
100100000000408,008319,输出相电流Ib,4,000,
100100000000408,008320,输出相电流Ic,4,000,
100100000000508,008318,输出相电流Ia,2,000,
100100000000508,008319,输出相电流Ib,4,000,
100100000000508,008320,输出相电流Ic,4,000,
100100000000608,008318,输出相电流Ia,2,000,
100100000000608,008319,输出相电流Ib,4,000,
100100000000608,008320,输出相电流Ic,4,000,
100100000000009,009301,分路XX相电流Ia,3,000,
100100000000009,009302,分路XX相电流Ib,4,000,
100100000000009,009303,分路XX相电流Ic,3,000,
100100000000009,009304,分路XX相电压Ua,3,000,
100100000000009,009305,分路XX相电压Ub,3,000,
100100000000009,009306,分路XX相电压Uc,3,000,
100100000000009,009307,分路XX有功功率Pa,3,000,
100100000000009,009308,分路XX有功功率Pb,4,000,
100100000000009,009309,分路XX有功功率Pc,4,000,
100100000000009,009310,分路XX功率因数,4,000,
100100000000009,009311,分路XX频率,2,000,
100100000000009,009312,分路XX有功电能,3,000,
100100000000009,009313,分路XX有功功率P,2,000,
100100000000009,009314,分路XX线电压Uab,2,000,
100100000000009,009315,分路XX线电压Ubc,3,000,
100100000000009,009316,分路XX线电压Uca,3,000,
100100000000009,009317,输入XX线电压Uab,3,000,
100100000000009,009318,输入XX线电压Ubc,3,000,
100100000000009,009319,输入XX线电压Uca,2,000,
100100000000009,009320,输入XX相电压Ua,3,000,
100100000000009,009321,输入XX相电压Ub,2,000,
100100000000009,009322,输入XX相电压Uc,2,000,
100100000000009,009323,输入XX相电流Ia,3,000,
100100000000009,009324,输入XX相电流Ib,2,000,
100100000000009,009325,输入XX相电流Ic,2,000,
100100000000009,009326,输入XX有功功率Pa,3,000,
100100000000009,009327,输入XX有功功率Pb,3,000,
100100000000009,009328,输入XX有功功率Pc,3,000,
100100000000009,009329,输入XX功率因数,3,000,
100100000000009,009330,输入XX频率,3,000,
100100000000009,009331,输入XX有功功率Pa,3,000,
100100000000009,009332,输入XX正向有功电能,4,000,
100100000000009,009333,输入电压畸变率,4,000,
100100000000009,009334,输入总电流畸变率,4,000,
100100000000009,009001,UPS输出屏中断告警,1,000,601-009-1-009001
100100000000009,009002,分路XX中断告警,1,000,601-009-1-009002
100100000000009,009003,输出分路XX相电压Ua过高告警,3,000,601-009-1-009003
100100000000009,009004,输出分路XX相电压Ub过高告警,3,000,601-009-1-009004
100100000000009,009005,输出分路XX相电压Uc过高告警,3,000,601-009-1-009005
100100000000009,009006,输出分路XX相电压Ua过低告警,2,000,601-009-1-009006
100100000000009,009007,输出分路XX相电压Ub过低告警,2,000,601-009-1-009007
100100000000009,009008,输出分路XX相电压Uc过低告警,2,000,601-009-1-009008
100100000000009,009009,输出分路XX相频率超限告警,3,000,601-009-1-009009
100100000000011,011101,开机,2,000,
100100000000011,011102,关机,2,000,
100100000000011,011103,模式选择,3,000,
100100000000011,011104,加湿器开关,3,000,
100100000000011,011201,温度设定,3,000,
100100000000011,011202,湿度设定,2,000,
100100000000011,011203,风量设定,4,000,
100100000000011,011204,告警值设定,2,000,
100100000000011,011301,回风温度,3,000,
100100000000011,011302,回风湿度,3,000,
100100000000011,011303,工作电流,4,000,
100100000000011,011304,压缩机压力,4,000,
100100000000011,011305,室外温度,2,000,
100100000000011,011306,风机相电流Ia,2,000,
100100000000011,011307,风机相电流Ib,4,000,
100100000000011,011308,风机相电流Ic,4,000,
100100000000011,011309,风机运行时间,2,000,
100100000000011,011310,加热器XX工作时间,2,000,
100100000000011,011311,加湿器XX工作时间,2,000,
100100000000011,011312,压缩机XX运行时间,2,000,
100100000000011,011313,进水温度,2,000,
100100000000011,011314,出水温度,1,000,
100100000000011,011315,水阀XX压力,1,000,
100100000000011,011316,水阀XX开度,1,000,
100100000000011,011401,压缩机XX状态,4,000,
100100000000011,011402,工作状态,4,000,
100100000000011,011403,风机状态,4,000,
100100000000011,011404,加热器XX状态,4,000,
100100000000011,011405,加湿器XX状态,4,000,
100100000000011,011406,加湿状态,4,000,
100100000000011,011407,制冷状态,4,000,
100100000000011,011408,除湿状态,4,000,
100100000000011,011001,风机过载告警,2,000,601-011-1-011001
100100000000011,011002,空气流量过低告警,2,000,601-011-1-011002
100100000000011,011003,空气过滤网脏告警,3,000,601-011-1-011003
100100000000011,011004,湿度过高告警,4,000,601-011-1-011004
100100000000011,011005,湿度过低告警,4,000,601-011-1-011005
100100000000011,011006,温度过高告警,2,000,601-011-1-011006
100100000000011,011007,温度过低告警,4,000,601-011-1-011007
100100000000011,011010,压缩机XX高压告警,2,000,601-011-1-011010
100100000000011,011011,压缩机XX低压告警,3,000,601-011-1-011011
100100000000011,011012,压缩机XX短振告警,2,000,601-011-1-011012
100100000000011,011013,压缩机XX过热告警,3,000,601-011-1-011013
100100000000011,011014,压缩机XX过载告警,2,000,601-011-1-011014
100100000000011,011015,压缩机故障告警,2,000,601-011-1-011015
100100000000011,011020,系统告警,3,000,601-011-1-011020
100100000000011,011021,加湿器告警,3,000,601-011-1-011021
100100000000011,011022,加热器告警,3,000,601-011-1-011022
100100000000011,011023,溢水告警,3,000,601-011-1-011023
100100000000011,011024,外接水浸告警,3,000,601-011-1-011024
100100000000011,011025,回风温度过高告警,2,000,601-011-1-011025
100100000000011,011026,主机关机告警,2,000,601-011-1-011026
100100000000011,011027,风机关机告警,2,000,601-011-1-011027
100100000000012,012101,开机,3,000,
100100000000012,012102,关机,2,000,
100100000000012,012103,模式选择,2,000,
100100000000012,012201,温度设定,2,000,
100100000000012,012202,风量设定,4,000,
100100000000012,012301,回风温度,1,000,
100100000000012,012302,回风湿度,3,000,
100100000000012,012303,工作电流,2,000,
100100000000012,012304,压缩机压力,3,000,
100100000000012,012305,风机运行时间,2,000,
100100000000012,012306,进水温度,3,000,
100100000000012,012307,回水温度,3,000,
100100000000012,012308,水压,2,000,
100100000000012,012309,前（后）门外温度,3,000,
100100000000012,012310,前（后）门内温度,3,000,
100100000000012,012311,前（后）门内湿度,3,000,
100100000000012,012312,前（后）门风扇强度,2,000,
100100000000012,012313,水阀XX压力,2,000,
100100000000012,012314,水阀XX开度,2,000,
100100000000012,012401,风机状态,4,000,
100100000000012,012402,加湿状态,4,000,
100100000000012,012403,制冷状态,4,000,
100100000000012,012404,除湿状态,4,000,
100100000000012,012405,工作状态,4,000,
100100000000012,012001,风机过载告警,2,000,601-012-1-012001
100100000000012,012002,空气流量过低告警,2,000,601-012-1-012002
100100000000012,012003,空气过滤网脏告警,4,000,601-012-1-012003
100100000000012,012004,湿度过高告警,4,000,601-012-1-012004
100100000000012,012005,湿度过低告警,4,000,601-012-1-012005
100100000000012,012006,温度过高告警,2,000,601-012-1-012006
100100000000012,012007,温度过低告警,4,000,601-012-1-012007
100100000000012,012010,冷冻水进水温度高告警,3,000,601-012-1-012010
100100000000012,012011,冷冻水进水压力低告警,3,000,601-012-1-012011
100100000000012,012030,系统告警,3,000,601-012-1-012030
100100000000012,012031,加湿罐脏告警,2,000,601-012-1-012031
100100000000012,012032,加热器过热告警,3,000,601-012-1-012032
100100000000012,012033,溢水告警,3,000,601-012-1-012033
100100000000012,012034,外接水浸告警,3,000,601-012-1-012034
100100000000012,012035,回风温度过高告警,2,000,601-012-1-012035
100100000000012,012036,主机关机告警,2,000,601-012-1-012036
100100000000012,012037,风机关机告警,2,000,601-012-1-012037
100100000000013,013101,主机XX开机,4,000,
100100000000013,013102,主机XX关机,3,000,
100100000000013,013103,水泵XX开机,4,000,
100100000000013,013104,水泵XX停机,3,000,
100100000000013,013105,阀门XX开启,4,000,
100100000000013,013106,阀门XX关闭,3,000,
100100000000013,013201,温度设定,3,000,
100100000000013,013202,风量设定,3,000,
100100000000013,013203,主机功率设定,3,000,
100100000000013,013204,水流设定,3,000,
100100000000013,013205,出水温度,4,000,
100100000000013,013206,回水温度,4,000,
100100000000013,013301,回风温度,4,000,
100100000000013,013302,冷却水出水温度,2,000,
100100000000013,013303,冷却水回水温度,3,000,
100100000000013,013304,冷冻水出水温度,2,000,
100100000000013,013305,冷冻水回水温度,2,000,
100100000000013,013306,吸气饱和温度,3,000,
100100000000013,013307,排气气饱和温度,3,000,
100100000000013,013308,负荷量,3,000,
100100000000013,013309,机油压差,3,000,
100100000000013,013310,排气温度,2,000,
100100000000013,013311,吸气压力,3,000,
100100000000013,013312,排气压力,2,000,
100100000000013,013313,冷凝器进水压,2,000,
100100000000013,013314,冷凝器出水压,3,000,
100100000000013,013315,蒸发器进水压,2,000,
100100000000013,013316,蒸发器出水压,2,000,
100100000000013,013317,相电流Ia,3,000,
100100000000013,013318,相电流Ib,3,000,
100100000000013,013319,相电流Ic,3,000,
100100000000013,013320,水泵相电流Ia,3,000,
100100000000013,013321,水泵相电流Ib,3,000,
100100000000013,013322,水泵相电流Ic,3,000,
100100000000013,013323,XX水流量,4,000,
100100000000013,013324,水泵相电压Ua,4,000,
100100000000013,013325,水泵相电压Ub,4,000,
100100000000013,013326,水泵相电压Uc,2,000,
100100000000013,013327,压差显示,2,000,
100100000000013,013328,供水压力,3,000,
100100000000013,013329,回水压力,3,000,
100100000000013,013401,冷却塔XX风机XX运行状态,4,000,
100100000000013,013402,冷却塔XX喷淋泵XX运行状态,4,000,
100100000000013,013403,循环泵XX运行状态,4,000,
100100000000013,013404,开关机状态,4,000,
100100000000013,013001,水流开关故障告警,2,000,601-013-1-013001
100100000000013,013002,高压开关故障告警,2,000,601-013-1-013002
100100000000013,013003,油位开关故障告警,2,000,601-013-1-013003
100100000000013,013004,排气压力过高告警,2,000,601-013-1-013004
100100000000013,013005,蒸发压力过低告警,2,000,601-013-1-013005
100100000000013,013006,排气温度过高告警,2,000,601-013-1-013006
100100000000013,013007,冷却水出水温度过高告警,2,000,601-013-1-013007
100100000000013,013008,冷冻水出水温度过低告警,3,000,601-013-1-013008
100100000000013,013009,油压差过低告警,2,000,601-013-1-013009
100100000000013,013010,油过滤器阻塞告警,3,000,601-013-1-013010
100100000000013,013011,传感器故障告警,4,000,601-013-1-013011
100100000000013,013012,外部联锁故障告警,4,000,601-013-1-013012
100100000000013,013020,压缩机启动失败故障告警,2,000,601-013-1-013020
100100000000013,013021,压缩机内置保护告警,2,000,601-013-1-013021
100100000000013,013022,压缩机电流过高告警,2,000,601-013-1-013022
100100000000013,013023,压缩机电流过低告警,2,000,601-013-1-013023
100100000000013,013024,冷凝器进水压过低告警,3,000,601-013-1-013024
100100000000013,013025,冷凝器出水压过低告警,3,000,601-013-1-013025
100100000000013,013026,蒸发器进水压过低告警,3,000,601-013-1-013026
100100000000013,013027,蒸发器出水压过低告警,3,000,601-013-1-013027
100100000000013,013028,冷凝器进水压过高告警,3,000,601-013-1-013028
100100000000013,013029,冷凝器出水压过高告警,3,000,601-013-1-013029
100100000000013,013030,蒸发器进水压过高告警,3,000,601-013-1-013030
100100000000013,013031,蒸发器出水压过高告警,3,000,601-013-1-013031
100100000000013,013032,冷却塔XX风机XX停机告警,2,000,601-013-1-013032
100100000000013,013033,冷却塔XX喷淋泵XX停机告警,2,000,601-013-1-013033
100100000000013,013034,循环泵XX停机告警,2,000,601-013-1-013034
100100000000013,013035,主机XX关机告警,2,000,601-013-1-013035
100100000000013,013036,水泵XX停机告警,2,000,601-013-1-013036
100100000000013,013037,阀门XX关闭告警,2,000,601-013-1-013037
100100000000014,014301,输入电压,3,000,
100100000000014,014302,输出电压,3,000,
100100000000014,014303,主机温度,4,000,
100100000000014,014304,输出电流,4,000,
100100000000014,014305,模块XX电流,2,000,
100100000000014,014306,模块XX温度,2,000,
100100000000014,014001,输入故障告警,2,000,601-014-1-014001
100100000000014,014002,逆变器故障告警,2,000,601-014-1-014002
100100000000014,014003,旁路故障告警,2,000,601-014-1-014003
100100000000014,014004,输出电压低告警,1,000,601-014-1-014004
100100000000014,014005,输出中断告警,1,000,601-014-1-014005
100100000000014,014006,主机温度过高告警,2,000,601-014-1-014006
100100000000014,014007,模块温度过高告警,2,000,601-014-1-014007
100100000000015,015101,开机,4,000,
100100000000015,015102,关机,4,000,
100100000000015,015103,模式选择,2,000,
100100000000015,015201,温度设定,2,000,
100100000000015,015202,风量设定,2,000,
100100000000015,015203,回风温度,2,000,
100100000000015,015204,工作电流,2,000,
100100000000015,015205,压缩机压力,1,000,
100100000000015,015206,风机电流,1,000,
100100000000015,015207,压缩机电流,1,000,
100100000000015,015401,空调工作状态,4,000,
100100000000015,015402,空调运行模式,4,000,
100100000000015,015403,回风温度,4,000,
100100000000015,015404,工作电流,4,000,
100100000000015,015405,压缩机压力,4,000,
100100000000015,015406,风机电流,4,000,
100100000000015,015407,压缩机电流,4,000,
100100000000015,015001,室内风机过热保护告警,3,000,601-015-1-015001
100100000000015,015010,压缩机停机告警,2,000,601-015-1-015010
100100000000015,015011,压缩机排气温度异常告警,4,000,601-015-1-015011
100100000000015,015012,压缩机高压告警,3,000,601-015-1-015012
100100000000015,015013,压缩机过载告警,2,000,601-015-1-015013
100100000000015,015014,压缩机锁定告警,2,000,601-015-1-015014
100100000000015,015015,压缩机电流异常告警,4,000,601-015-1-015015
100100000000015,015016,压缩机低压告警,2,000,601-015-1-015016
100100000000015,015017,回风温度过高告警,2,000,601-015-1-015017
100100000000015,015018,空调关机告警,2,000,601-015-1-015018
100100000000015,015020,输入电源相位异常告警,3,000,601-015-1-015020
100100000000015,015021,输入电源电压不平衡告警,4,000,601-015-1-015021
100100000000016,016301,XX管烟雾浓度,2,000,
100100000000016,016302,烟感XX气流回流率,3,000,
100100000000016,016303,报警灵敏度,2,000,
100100000000016,016304,动作灵敏度,2,000,
100100000000016,016305,烟感XX灵敏度,2,000,
100100000000016,016401,系统状态,4,000,
100100000000016,016402,动作执行,4,000,
100100000000016,016403,网络状态,4,000,
100100000000016,016404,电源状态,4,000,
100100000000016,016001,主机系统故障告警,2,000,601-016-1-016001
100100000000016,016002,主机区域故障告警,3,000,601-016-1-016002
100100000000016,016003,主机紧急故障告警,2,000,601-016-1-016003
100100000000016,016004,主机电源故障告警,3,000,601-016-1-016004
100100000000016,016005,主机网络故障告警,3,000,601-016-1-016005
100100000000016,016006,主机气流故障告警,3,000,601-016-1-016006
100100000000016,016007,主机隔离状态告警,3,000,601-016-1-016007
100100000000016,016008,主机过滤器故障告警,2,000,601-016-1-016008
100100000000016,016010,四级火警告警,1,000,601-016-1-016010
100100000000016,016011,三级火警告警,1,000,601-016-1-016011
100100000000016,016012,二级火警告警,2,000,601-016-1-016012
100100000000016,016013,一级火警告警,3,000,601-016-1-016013
100100000000016,016014,区域XX火警告警,2,000,601-016-1-016014
100100000000018,018101,蜂鸣器开关,3,000,
100100000000018,018102,存储记录开关,2,000,
100100000000018,018103,直流检测开关,3,000,
100100000000018,018104,交流检测开关,3,000,
100100000000018,018105,门磁检测开关,2,000,
100100000000018,018106,系统格式化,3,000,
100100000000018,018107,设备重启,3,000,
100100000000018,018108,强开排氢,3,000,
100100000000018,018201,柜内温度设置,2,000,
100100000000018,018202,系统时间设置,2,000,
100100000000018,018301,设备系统时间,2,000,
100100000000018,018302,当前柜内温度,2,000,
100100000000018,018303,当前柜外温度,2,000,
100100000000018,018304,盘管温度,2,000,
100100000000018,018305,压缩机温度,2,000,
100100000000018,018306,直流电压,2,000,
100100000000018,018307,交流电压,4,000,
100100000000018,018308,空调数量,3,000,
100100000000018,018309,站内空调运行时长,4,000,
100100000000018,018310,电柜空调运行时长,3,000,
100100000000018,018311,柜内高温告警温度,4,000,
100100000000018,018312,柜内低温告警温度,3,000,
100100000000018,018313,电柜空调开启温度,3,000,
100100000000018,018314,电柜空调关闭温度,3,000,
100100000000018,018315,电柜制热关闭温度,3,000,
100100000000018,018316,电柜制热开启温度,3,000,
100100000000018,018317,电柜空调关闭延时,4,000,
100100000000018,018318,电柜空调开启延时,4,000,
100100000000018,018319,排氢周期,4,000,
100100000000018,018320,单次排氢时长,2,000,
100100000000018,018321,内循环风机启动间隔,3,000,
100100000000018,018322,内循环风机单次运行时长,2,000,
100100000000018,018323,直流电压上限,2,000,
100100000000018,018324,直流电压下限,3,000,
100100000000018,018325,交流电压上限,3,000,
100100000000018,018326,交流电压下限,3,000,
100100000000018,018327,排氢时刻,3,000,
100100000000018,018328,强排温度,2,000,
100100000000018,018329,强排温差,3,000,
100100000000018,018330,开关量上传选择,2,000,
100100000000018,018331,强制排氢功能开关,2,000,
100100000000018,018332,设定温度,3,000,
100100000000018,018333,空调运行时长,2,000,
100100000000018,018401,运行状态,4,000,
100100000000018,018402,空调XX状态,4,000,
100100000000018,018403,开关状态,4,000,
100100000000018,018001,内外温异常,3,000,601-018-1-018001
100100000000018,018002,柜内温度高告警,2,000,601-018-1-018002
100100000000018,018003,柜内温度低告警,3,000,601-018-1-018003
100100000000018,018004,柜门打开告警,3,000,601-018-1-018004
100100000000018,018005,直流过压告警,3,000,601-018-1-018005
100100000000018,018006,直流欠压告警,2,000,601-018-1-018006
100100000000018,018007,交流过压告警,3,000,601-018-1-018007
100100000000018,018008,交流欠压告警,3,000,601-018-1-018008
100100000000018,018009,结霜告警,3,000,601-018-1-018009
100100000000018,018010,冷媒不足告警,2,000,601-018-1-018010
100100000000018,018011,交流停电告警,2,000,601-018-1-018011
100100000000018,018012,设备故障,2,000,601-018-1-018012
100100000000018,018013,传感器故障,2,000,601-018-1-018013
100100000000018,018014,制冷系统压力过高告警,3,000,601-018-1-018014
100100000000018,018015,制冷系统压力过低告警,3,000,601-018-1-018015
100100000000018,018016,过流告警,3,000,601-018-1-018016
100100000000068,068101,遥控电池组充电,3,000,
100100000000068,068102,遥控电池组放电,3,000,
100100000000068,068103,遥控限流充电方式,3,000,
100100000000068,068201,单体电压上限设定值,3,000,
100100000000068,068202,单体电压下限设定值,4,000,
100100000000068,068203,温度上限告警设定值,4,000,
100100000000068,068204,温度下限告警设定值,4,000,
100100000000068,068205,充电电流上限设定值,2,000,
100100000000068,068206,总电压上限设定值,2,000,
100100000000068,068207,总电压下限设定值,3,000,
100100000000068,068208,电池组充电系数设定值,3,000,
100100000000068,068301,电池组XX总电压,3,000,
100100000000068,068302,电池组总电流,2,000,
100100000000068,068303,电池组XX电流,4,000,
100100000000068,068304,电池组后备时间,2,000,
100100000000068,068305,电池组剩余容量,3,000,
100100000000068,068306,电池组XX容量,3,000,
100100000000068,068307,电池组额定容量,4,000,
100100000000068,068308,电池剩余容量百分比SOC,4,000,
100100000000068,068309,电池组健康度SOH,2,000,
100100000000068,068310,环境温度,2,000,
100100000000068,068311,环境湿度,4,000,
100100000000068,068312,PCB温度,4,000,
100100000000068,068313,电池组XX单体XX电压,2,000,
100100000000068,068314,电池组XX单体XX内阻,2,000,
100100000000068,068315,电池组XX单体XX电导,2,000,
100100000000068,068316,电池组XX温度,2,000,
100100000000068,068317,电池组XX单体XX温度,2,000,
100100000000068,068401,电池组XX工作状态,4,000,
100100000000068,068001,电池温度高告警,3,000,601-068-1-068001
100100000000068,068002,电池温度低告警,3,000,601-068-1-068002
100100000000068,068003,电池组XX单体XX电压过高告警,3,000,601-068-1-068003
100100000000068,068004,电池组XX单体XX电压过低告警,2,000,601-068-1-068004
100100000000068,068005,电池组XX单体XX电压过高保护告警,2,000,601-068-1-068005
100100000000068,068006,电池组XX单体XX电压过低保护告警,2,000,601-068-1-068006
100100000000068,068007,电池组总电压过高告警,2,000,601-068-1-068007
100100000000068,068008,电池组总电压过低告警,1,000,601-068-1-068008
100100000000068,068009,单体电池均充电压设置过高告警,4,000,601-068-1-068009
100100000000068,068010,单体电池均充电压设置过低告警,4,000,601-068-1-068010
100100000000068,068011,单体电池浮充电压设置过高告警,4,000,601-068-1-068011
100100000000068,068012,单体电池浮充电压设置过低告警,4,000,601-068-1-068012
100100000000068,068013,电池组一次下电前告警,2,000,601-068-1-068013
100100000000068,068014,电池组第一级切断告警,1,000,601-068-1-068014
100100000000068,068015,电池组放电终止告警,1,000,601-068-1-068015
100100000000068,068016,电池组XX单体XX温度过高告警,3,000,601-068-1-068016
202400501,076101,FSU复位,1,000,
202400501,076301,FSU硬盘占用率,1,000,
202400501,076302,内存占用率,2,000,
202400501,076303,CPU使用率,1,000,
202400501,076001,智能设备采集器通信状态告警,2,000,601-076-1-076001
202400501,076002,非智能设备采集器通信状态告警,2,000,601-076-1-076002
202400501,076003,一体化设备采集器通信状态告警,2,000,601-076-1-076003
202400501,076004,电池设备采集器通信状态告警,2,000,601-076-1-076004
202400501,076010,FSU通信中断,2,000,601-076-1-076010
202400501,076011,LSC不可用告警,1,000,601-076-1-076011
202400501,076012,CSC不可用告警,1,000,601-076-1-076012
202400501,076013,LSC通信前置机通信状态异常告警,2,000,601-076-1-076013
202400501,076014,LSC数据服务通信状态异常告警,2,000,601-076-1-076014
202400501,076015,CSC通信前置机通信状态异常告警,2,000,601-076-1-076015
202400501,076016,CSC数据服务通信状态异常告警,2,000,601-076-1-076016
202400501,076017,FSU复位失败告警,2,000,601-076-1-076017
202400501,076018,FSU硬盘占用率过高告警,2,000,601-076-1-076018
202400501,076019,内存占用率过高告警,2,000,601-076-1-076019
202400501,076020,FSU-CPU使用率过高告警,2,000,601-076-1-076020
202400501,076501,开关电源通信状态告警,2,000,601-076-1-076501
202400501,076502,变压器通信状态告警,3,000,601-076-1-076502
202400501,076503,高压直流电源通信状态告警,2,000,601-076-1-076503
202400501,076504,机房专用空调通信状态告警,3,000,601-076-1-076504
202400501,076505,普通空调通信状态告警,3,000,601-076-1-076505
202400501,076506,智能通风换热通信状态告警,3,000,601-076-1-076506
202400501,076507,UPS设备通信状态告警,2,000,601-076-1-076507
202400501,076508,发电机组通信状态告警,3,000,601-076-1-076508
202400501,076509,智能电表通信状态告警,2,000,601-076-1-076509
202400501,076510,中央空调主机通信状态告警,3,000,601-076-1-076510
202400501,076511,中央空调末端通信状态告警,3,000,601-076-1-076511
202400501,076512,DC/DC设备通信状态告警,2,000,601-076-1-076512
202400501,076513,逆变器通信状态告警,2,000,601-076-1-076513
202400501,076514,锂电池通信状态告警,2,000,601-076-1-076514
202400501,076515,电池恒温箱通信状态告警,3,000,601-076-1-076515
202400501,076516,风光设备通信状态告警,2,000,601-076-1-076516
202400501,076517,直流远供通信状态告警,2,000,601-076-1-076517
202400501,076518,智能门禁通信状态告警,3,000,601-076-1-076518
100100000000077,077101,是否开启风堵检测,2,000,
100100000000077,077102,是否开启风门检测,2,000,
100100000000077,077103,节能控制状态,2,000,
100100000000077,077104,空调XX开关控制,2,000,
100100000000077,077105,除尘器开关控制,3,000,
100100000000077,077106,重启节能设备,2,000,
100100000000077,077107,时钟同步,3,000,
100100000000077,077201,设置节能参数,2,000,
100100000000077,077301,设备系统时间,2,000,
100100000000077,077302,直流电压,2,000,
100100000000077,077303,室内温度,4,000,
100100000000077,077304,室内湿度,1,000,
100100000000077,077305,室外温度,3,000,
100100000000077,077306,室外湿度,2,000,
100100000000077,077307,交流电压,3,000,
100100000000077,077308,节能隔日天数,2,000,
100100000000077,077309,节能设备运行时长,3,000,
100100000000077,077310,空调XX运行时长,3,000,
100100000000077,077311,节能参数,2,000,
100100000000077,077401,节能状态,4,000,
100100000000077,077402,空调XX开关状态,4,000,
100100000000077,077403,出风机状态,4,000,
100100000000077,077404,进风机状态,4,000,
100100000000077,077405,节能风机开关,4,000,
100100000000077,077001,停电告警,3,000,601-077-1-077001
100100000000077,077002,直流低电压告警,3,000,601-077-1-077002
100100000000077,077003,室内传感器故障告警,4,000,601-077-1-077003
100100000000077,077004,室外传感器故障告警,4,000,601-077-1-077004
100100000000077,077005,进风风机故障告警,3,000,601-077-1-077005
100100000000077,077006,出风风机故障告警,3,000,601-077-1-077006
100100000000077,077007,风门卡滞告警,3,000,601-077-1-077007
100100000000077,077008,过滤器脏堵告警,3,000,601-077-1-077008
100100000000077,077009,风机关闭告警,3,000,601-077-1-077009
100100000000077,077010,室内温度高告警,3,000,601-077-1-077010
100100000000077,077011,室外温度高告警,3,000,601-077-1-077011
100100000000078,078101,模块XX开机,2,000,
100100000000078,078102,模块XX关机,2,000,
100100000000078,078103,电池管理,2,000,
100100000000078,078201,电压设定,2,000,
100100000000078,078202,输出限流,2,000,
100100000000078,078203,切入电压,2,000,
100100000000078,078301,相电压Ua,4,000,
100100000000078,078302,相电压Ub,3,000,
100100000000078,078303,相电压Uc,4,000,
100100000000078,078304,相电流Ia,3,000,
100100000000078,078305,相电流Ib,4,000,
100100000000078,078306,相电流Ic,3,000,
100100000000078,078307,有功功率Pa,3,000,
100100000000078,078308,有功功率Pb,3,000,
100100000000078,078309,有功功率Pc,3,000,
100100000000078,078310,无功功率Qa,3,000,
100100000000078,078311,无功功率Qb,4,000,
100100000000078,078312,无功功率Qc,4,000,
100100000000078,078313,功率因数,4,000,
100100000000078,078314,频率,2,000,
100100000000078,078315,正向有功电能,3,000,
100100000000078,078316,正向无功电能,2,000,
100100000000078,078317,太阳能XX板电压,2,000,
100100000000078,078318,太阳能XX板电流,3,000,
100100000000078,078319,风力发电机XX号A相电压Ua,3,000,
100100000000078,078320,风力发电机XX号B相电压Ub,3,000,
100100000000078,078321,风力发电机XX号C相电压Uc,3,000,
100100000000078,078322,风力发电机XX相电流Ia,2,000,
100100000000078,078323,风力发电机XX相电流Ib,3,000,
100100000000078,078324,风力发电机XX相电流Ic,2,000,
100100000000078,078325,充电安时数,2,000,
100100000000078,078326,充电电流,3,000,
100100000000078,078327,放电安时数,2,000,
100100000000078,078328,放电电流,2,000,
100100000000078,078329,电池温度,3,000,
100100000000078,078330,蓄电池电压,3,000,
100100000000078,078331,总发电量,3,000,
100100000000078,078332,机内温度,3,000,
100100000000078,078333,当日发电量,3,000,
100100000000078,087334,蓄电池容量,3,000,
100100000000078,078335,太阳能控制器输出电压,4,000,
100100000000078,087336,负载总电流,4,000,
100100000000078,078001,输出电压低告警,2,000,601-078-1-078001
100100000000078,078002,输出电压高告警,3,000,601-078-1-078002
100100000000078,078003,电源输出模块故障告警,2,000,601-078-1-078003
100100000000078,078004,光伏/风机控制器故障告警,3,000,601-078-1-078004
100100000000078,078005,电池低压脱离告警,1,000,601-078-1-078005
100100000000078,078006,控制器机柜高温告警,3,000,601-078-1-078006
100100000000078,078007,电池高温告警,3,000,601-078-1-078007
100100000000078,078008,电池低温告警,4,000,601-078-1-078008
100100000000078,078009,模块XX关机告警,3,000,601-078-1-078009
100100000000078,078010,输出频率超限告警,3,000,601-078-1-078010
100100000000087,087101,模块XX开机,4,000,
100100000000087,087102,模块XX关机,2,000,
100100000000087,087103,遥控均浮充,2,000,
100100000000087,087104,电池组放电测试启动,3,000,
100100000000087,087105,电池组放电测试结束,3,000,
100100000000087,087201,均充电压,3,000,
100100000000087,087202,浮充电压,2,000,
100100000000087,087203,电池组测试结束电压,4,000,
100100000000087,087204,电池组测试结束时间,2,000,
100100000000087,087205,充电限流,3,000,
100100000000087,087301,系统输入相电压Ua,3,000,
100100000000087,087302,系统输入相电压Ub,4,000,
100100000000087,087303,系统输入相电压Uc,4,000,
100100000000087,087304,系统输入相电流Ia,2,000,
100100000000087,087305,系统输入相电流Ib,2,000,
100100000000087,087306,系统输入相电流Ic,4,000,
100100000000087,087307,频率,4,000,
100100000000087,087308,直流输出电压,2,000,
100100000000087,087309,负载总电流,2,000,
100100000000087,087310,分路XX电流,2,000,
100100000000087,087311,电池组XX电流,2,000,
100100000000087,087312,模块XX电流,2,000,
100100000000087,087313,模块XX温度,1,000,
100100000000087,087314,电池组XX充放电电流,1,000,
100100000000087,087315,模块XX输入线电压Uab,1,000,
100100000000087,087316,模块XX输入线电压Ubc,2,000,
100100000000087,087317,模块XX输入线电压Uca,1,000,
100100000000087,087318,母排绝缘电阻值,2,000,
100100000000087,087001,交流输入故障告警,3,000,601-087-1-087001
100100000000087,087002,浪涌保护器故障告警,4,000,601-087-1-087002
100100000000087,087003,交流输入电压超限告警,3,000,601-087-1-087003
100100000000087,087010,直流欠压告警,1,000,601-087-1-087010
100100000000087,087011,直流过压告警,2,000,601-087-1-087011
100100000000087,087012,负载熔丝故障告警,1,000,601-087-1-087012
100100000000087,087015,浮充电压低告警,3,000,601-087-1-087015
100100000000087,087016,浮充电压高告警,3,000,601-087-1-087016
100100000000087,087017,系统过载告警,3,000,601-087-1-087017
100100000000087,087020,输出中断告警,1,000,601-087-1-087020
100100000000087,087021,输出电压低告警,1,000,601-087-1-087021
100100000000087,087022,输出电压高告警,2,000,601-087-1-087022
100100000000087,087030,监控模块通信中断告警,3,000,601-087-1-087030
100100000000087,087031,模块故障告警,3,000,601-087-1-087031
100100000000087,087032,整流模块过压关机告警,3,000,601-087-1-087032
100100000000087,087033,整流模块通信告警,3,000,601-087-1-087033
100100000000087,087040,电池熔丝故障告警,1,000,601-087-1-087040
100100000000087,087041,电池温度低告警,4,000,601-087-1-087041
100100000000087,087042,电池温度高告警,3,000,601-087-1-087042
100100000000088,088319,分路绝缘电阻值,2,000,
100100000000088,088401,模块XX开关状态,4,000,
100100000000088,088402,电源工作状态,4,000,
100100000000088,088301,直流电压,3,000,
100100000000088,088302,负载总电流XX,2,000,
100100000000088,088303,分路XX输出电流,3,000,
100100000000088,088304,主路总电度,2,000,
100100000000088,088305,备路总电度,2,000,
100100000000088,088306,主路总功率,2,000,
100100000000088,088307,备路总功率,4,000,
100100000000088,088308,分路XX电度,1,000,
100100000000088,088309,分路XX功率,3,000,
100100000000088,088310,分路XX漏电流,2,000,
100100000000088,088001,欠压告警,1,000,601-088-1-088001
100100000000088,088002,熔丝告警,1,000,601-088-1-088002
100100000000088,088003,分路XX中断告警,1,000,601-088-1-088003
100100000000088,088004,过压告警,2,000,601-088-1-088004
100100000000092,092301,相电压Ua,3,000,
100100000000092,092302,相电压Ub,2,000,
100100000000092,092303,相电压Uc,3,000,
100100000000092,092304,相电流Ia,3,000,
100100000000092,092305,相电流Ib,2,000,
100100000000092,092306,相电流Ic,3,000,
100100000000092,092307,零序电流Io,3,000,
100100000000092,092308,有功功率Pa,3,000,
100100000000092,092309,有功功率Pb,2,000,
100100000000092,092310,有功功率Pc,2,000,
100100000000092,092311,无功功率Qa,2,000,
100100000000092,092312,无功功率Qb,2,000,
100100000000092,092313,无功功率Qc,2,000,
100100000000092,092314,功率因数,2,000,
100100000000092,092315,频率,2,000,
100100000000092,092316,正向有功电能,2,000,
100100000000092,092317,正向无功电能,4,000,
100100000000092,092318,线电压Uab,3,000,
100100000000092,092319,线电压Ubc,4,000,
100100000000092,092320,线电压Uca,3,000,
100100000000092,092321,直流电压,4,000,
100100000000092,092322,直流电流,3,000,
100100000000092,092323,直流功率,3,000,
100100000000092,092324,总电度,3,000,
100100000000092,092325,日电度,3,000,
100100000000092,092326,月电度,3,000,
100100000000092,092327,电压畸变率,4,000,
100100000000092,092328,总电流畸变率,4,000,
100100000000092,092329,总电流,4,000,
100100000000092,092330,总有功功率,2,000,
100100000000092,092331,第XX路A相电流Ia,3,000,
100100000000092,092332,第XX路B相电流Ib,2,000,
100100000000092,092333,第XX路C相电流Ic,2,000,
100100000000092,092334,第XX路正向有功电能,3,000,
100100000000092,092401,电表状态位,4,000,
100100000000092,092001,市电停电,2,000,601-092-1-092001
100100000000092,092002,市电缺相,2,000,601-092-1-092002
100100000000092,092003,设备状态告警,3,000,601-092-1-092003
100100000000092,092004,交流电压过高告警,3,000,601-092-1-092004
100100000000092,092005,交流电压过低告警,3,000,601-092-1-092005
100100000000092,092006,第1路电压过低告警,3,000,601-092-1-092006
100100000000092,092007,第2路有电压告警,3,000,601-092-1-092007
100100000000092,092008,直流输入中断,1,000,601-092-1-092008
100100000000092,092009,直流电压过高告警,2,000,601-092-1-092009
100100000000092,092010,直流电压过低告警,1,000,601-092-1-092010
100100000000092,092011,相电压Ux过低告警,3,000,601-092-1-092011
100100000000092,092012,相电压Ux过高告警,3,000,601-092-1-092012
100100000000093,093101,远程开门,3,000,
100100000000093,093102,门禁复位,3,000,
100100000000093,093103,增加门禁卡,3,000,
100100000000093,093104,删除门禁卡,3,000,
100100000000093,093105,删除所有门禁卡,3,000,
100100000000093,093106,修改门禁卡设置,4,000,
100100000000093,093107,设置准进时间段,4,000,
100100000000093,093201,设置开门超时时间,4,000,
100100000000093,093301,门禁校时设置,2,000,
100100000000093,093302,刷卡卡号,2,000,
100100000000093,093303,刷卡时间,3,000,
100100000000093,093304,门禁时间,3,000,
100100000000093,093305,开门超时时间设定值,3,000,
100100000000093,093401,门磁开关状态,4,000,
100100000000093,093402,门锁开关状态,4,000,
100100000000093,093001,非法开门告警,2,000,601-093-1-093001
100100000000093,093002,非法离开告警,2,000,601-093-1-093002
100100000000093,093003,离开未关门告警,2,000,601-093-1-093003
100100000000093,093004,未正常进入告警,2,000,601-093-1-093004
100100000000093,093010,门禁状态告警,2,000,601-093-1-093010
100100000000093,093011,锁舌未到位告警,2,000,601-093-1-093011
100100000000093,093023,蜂鸣器触发告警,4,000,601-093-1-093023
100100000000093,093024,门锁继电器关闭告警,3,000,601-093-1-093024
100100000000093,093025,控制器电池容量偏低告警,3,000,601-093-1-093025
100100000000093,093026,卡非法告警,3,000,601-093-1-093026
100100000000017,017301,温度XX,3,000,
100100000000017,017302,湿度XX,3,000,
100100000000017,017303,水位XX,2,000,
100100000000017,017304,油位XX,3,000,
100100000000017,017305,水浸状态,2,000,
100100000000017,017306,烟感状态,2,000,
100100000000017,017307,门碰开关状态,3,000,
100100000000017,017308,红外状态,2,000,
100100000000017,017309,震动状态,2,000,
100100000000017,017310,防盗状态,3,000,
100100000000017,017001,水浸告警,2,000,601-017-1-017001
100100000000017,017002,烟雾告警,1,000,601-017-1-017002
100100000000017,017003,火情告警,1,000,601-017-1-017003
100100000000017,017004,红外告警,3,000,601-017-1-017004
100100000000017,017010,温度过高告警,1,000,601-017-1-017010
100100000000017,017011,温度高告警,2,000,601-017-1-017011
100100000000017,017012,温度过低告警,3,000,601-017-1-017012
100100000000017,017013,湿度过高告警,3,000,601-017-1-017013
100100000000017,017014,湿度过低告警,3,000,601-017-1-017014
100100000000017,017020,门碰告警,3,000,601-017-1-017020
100100000000017,017021,玻破告警,3,000,601-017-1-017021
100100000000017,017022,震动告警,2,000,601-017-1-017022
100100000000017,017023,被盗告警,2,000,601-017-1-017023
100100000000017,017031,摄像机通信状态告警,3,000,601-017-1-017031
